E 1 0 0 26 0 0 0 0
E 2 1 0 12 400000 0 0 0
E 3 2 0 52 200000 0 0 500
E 4 0 1 24 0 0 0 0
E 5 0 0 26 0 0 0 0
E 6 0 0 26 0 0 0 0
P 1 200000 0 0
P 1 200000 0 0
P 1 200000 0 0
P 1 200000 0 0
P 1 200000 0 0
P 1 200000 0 0
P 1 200000 0 0
P 1 200000 0 0
P 1 200000 0 0
P 1 200000 0 0
P 1 200000 0 0
P 1 200000 0 0
P 1 200000 0 0
P 1 200000 0 0
P 1 200000 0 0
P 1 200000 0 0
P 1 200000 0 0
P 1 200000 0 0
P 1 200000 0 0
P 1 200000 0 0
P 1 200000 0 0
P 1 200000 0 0
P 1 200000 0 0
P 1 200000 0 0
P 1 200000 0 0
P 1 200000 0 0
P 2 800000 40000 25000
P 2 800000 40000 25000
P 2 800000 40000 25000
P 2 800000 40000 25000
P 2 800000 40000 25000
P 2 800000 40000 25000
P 2 800000 40000 25000
P 2 800000 40000 25000
P 2 800000 40000 25000
P 2 800000 40000 25000
P 2 800000 40000 25000
P 2 800000 40000 25000
P 3 100000 0 0
P 3 100000 0 0
P 3 100000 0 0
P 3 100000 0 0
P 3 100000 0 0
P 3 100000 0 0
P 3 100000 0 0
P 3 100000 0 0
P 3 100000 0 0
P 3 100000 0 0
P 3 100000 0 0
P 3 100000 0 0
P 3 100000 0 0
P 3 100000 0 0
P 3 100000 0 0
P 3 100000 0 0
P 3 100000 0 0
P 3 100000 0 0
P 3 100000 0 0
P 3 100000 0 0
P 3 100000 0 0
P 3 100000 0 0
P 3 100000 0 0
P 3 100000 0 0
P 3 100000 0 0
P 3 100000 0 0
P 3 100000 0 0
P 3 100000 0 0
P 3 100000 0 0
P 3 100000 0 0
P 3 100000 0 0
P 3 100000 0 0
P 3 100000 0 0
P 3 100000 0 0
P 3 100000 0 0
P 3 100000 0 0
P 3 100000 0 0
P 3 100000 0 0
P 3 100000 0 0
P 3 100000 0 0
P 3 100000 0 0
P 3 100000 0 0
P 3 100000 0 0
P 3 100000 0 0
P 3 100000 0 0
P 3 100000 0 0
P 3 100000 0 0
P 3 100000 0 0
P 3 100000 0 0
P 3 100000 0 0
P 3 100000 0 0
P 3 100000 0 0
P 4 350000 17500 0
P 4 350000 17500 0
P 4 350000 17500 0
P 4 350000 17500 0
P 4 350000 17500 0
P 4 350000 17500 0
P 4 350000 17500 0
P 4 350000 17500 0
P 4 350000 17500 0
P 4 350000 17500 0
P 4 350000 17500 0
P 4 350000 17500 0
P 4 350000 17500 0
P 4 350000 17500 0
P 4 350000 17500 0
P 4 350000 17500 0
P 4 350000 17500 0
P 4 350000 17500 0
P 4 350000 17500 0
P 4 350000 17500 0
P 4 350000 17500 0
P 4 350000 17500 0
P 4 350000 17500 0
P 4 350000 17500 0
P 5 950000 57000 15000
P 5 950000 57000 15000
P 5 950000 57000 15000
P 5 950000 57000 15000
P 5 950000 57000 15000
P 5 950000 57000 15000
P 5 950000 57000 15000
P 5 950000 57000 15000
P 5 950000 57000 15000
P 5 950000 57000 15000
P 5 950000 57000 15000
P 5 950000 57000 15000
P 5 950000 57000 15000
P 5 950000 57000 15000
P 5 950000 57000 15000
P 5 950000 57000 15000
P 5 950000 57000 15000
P 5 950000 57000 15000
P 5 950000 57000 15000
P 5 950000 57000 15000
P 5 950000 57000 15000
P 5 950000 57000 15000
P 5 950000 57000 15000
P 5 950000 57000 15000
P 5 950000 57000 15000
P 5 950000 57000 15000
P 6 50000 0 0
P 6 50000 0 0
P 6 50000 0 0
P 6 50000 0 0
P 6 50000 0 0
P 6 50000 0 0
P 6 50000 0 0
P 6 50000 0 0
P 6 50000 0 0
P 6 50000 0 0
P 6 50000 0 0
P 6 50000 0 0
P 6 50000 0 0
P 6 50000 0 0
P 6 50000 0 0
P 6 50000 0 0
P 6 50000 0 0
P 6 50000 0 0
P 6 50000 0 0
P 6 50000 0 0
P 6 50000 0 0
P 6 50000 0 0
P 6 50000 0 0
P 6 50000 0 0
P 6 50000 0 0
P 6 50000 0 0
